y = [0.0014 1.6336 -0.0576 5.4576];
v = 29;
p = 5;
c = y(1) + (1/p(1))*(y(2) + y(3)*(v/y(4))^2)
